【录取快报】安徽中医药大学2026年分省分专业录取分数线-本科招生网
今天是：
学校主页
招生首页
学校概况
学校介绍
学校标识
人才培养
硕博介绍
通知公告
招生指南
招生章程
招生计划
录取分数线
招生政策法规
志愿填报指南
综合查询
本科录取查询
专升本信息
在线咨询答疑
招生联系电话
院系纵览
学院介绍
专业介绍
附属医院
印象安中
地理位置
校园体验
生活指南
奖助学金
就业创业
在线视频
通知公告
当前位置:
招生首页
>>
通知公告
>>
                正文
【录取快报】安徽中医药大学2026年分省分专业录取分数线
发布日期：2026-07-17    作者：     来源：     点击：
安徽中医药大学
2026
年分省分专业录取分数线
省份
批次
科类
专业组
专业
录取人数
最高分
最低分
平均分
首轮投档线
省控线
安徽省
普通本科提前批
历史
001
专业组（不限）
中医学（免费医学定向）
28
597
575
584.7
580
490
物理
001
专业组（不限）
中医学（免费医学定向）
85
607
554
570.9
564
451
安徽省
国家专项计划
历史
002
专业组
(
不限
)
中医学
5
579
571
575.8
571
490
物理
002
专业组
(
不限
)
中医学
15
574
552
559.4
552
451
003
专业组
(
化学
)
中药学
10
570
542
552.8
542
451
004
专业组
(
化学
)
护理学
30
541
521
526.8
521
451
安徽省
地方专项计划
历史
003
专业组
(
不限
)
中医学
10
578
570
573.2
570
490
物理
005
专业组
(
不限
)
中医学
30
594
552
562.7
552
451
006
专业组
(
化学
)
中药学
20
559
540
547.7
542
451
007
专业组
(
化学
)
护理学
60
541
521
526.6
521
451
安徽省
普通本科批
历史
004
专业组
(
不限
)
中医学
80
591
562
570.5
562
490
针灸推拿学
36
573
559
563.1
559
490
中医骨伤科学
9
576
558
561.8
558
490
中医康复学
27
569
557
559.9
557
490
005
专业组
(
不限
)
国际经济与贸易
66
555
539
542.8
539
490
公共事业管理
32
550
539
542.3
539
490
医疗保险
26
554
540
544.5
540
490
养老服务管理
32
556
542
548.5
542
490
006
专业组
(
不限
)
汉语国际教育
46
556
541
545.1
541
490
应用心理学
25
560
547
551.9
547
490
运动康复
25
560
544
549.1
544
490
007
专业组
(
化学
)
护理学
1
535
535
536.0
535
490
物理
008
专业组
(
不限
)
中医学
(“5+3”
一体化
)
45
613
592
598.7
592
451
中医学
(“5+3”
一体化，
“
中医学
+
临床医学
”
联合学士学位培养项目
)
15
616
599
608.0
599
451
009
专业组
(
不限
)
中医学
259
587
541
554.7
541
451
针灸推拿学
111
580
538
546.7
538
451
中医骨伤科学
89
549
534
538.2
534
451
中医康复学
71
556
534
538.1
534
451
010
专业组
(
不限
)
信息管理与信息系统
49
539
524
529.7
524
451
国际经济与贸易
29
534
521
525.1
521
451
公共事业管理
16
529
520
524.0
520
451
医疗保险
22
534
520
525.2
520
451
养老服务管理
16
528
520
524.0
520
451
011
专业组
(
不限
)
汉语国际教育
4
531
520
524.1
520
451
应用心理学
25
533
520
526.0
520
451
运动康复
25
535
520
525.8
520
451
012
专业组
(
化学
)
中西医临床医学
344
583
524
533.0
524
451
013
专业组
(
化学
)
康复治疗学
50
546
522
527.4
522
451
医学检验技术
50
546
525
530.5
525
451
医学影像技术
49
539
525
531.0
525
451
健康与医疗保障
47
525
521
523.4
521
451
014
专业组
(
化学
)
药学
147
552
526
532.6
526
451
中药学
122
552
523
530.3
523
451
制药工程
50
545
525
531.8
525
451
药物制剂
97
540
521
525.5
521
451
生物制药
49
558
528
534.3
528
451
中药制药
48
534
521
525.0
521
451
食品质量与安全
25
549
528
533.7
528
451
药物经济与管理
47
546
521
524.5
521
451
015
专业组
(
化学
)
医学信息工程
49
544
534
536.6
534
451
生物医学工程
49
545
534
536.3
534
451
数据科学与大数据技术
98
549
535
539.4
535
451
计算机科学与技术
98
559
540
544.5
540
451
人工智能
122
555
536
540.7
536
451
智能医学工程
49
565
534
537.5
534
451
016
专业组
(
化学
)
护理学
199
533
515
520.8
515
451
江苏省
本科批次
历史
01
专业组
(
不限
)
中医学
1
596
596
596.0
596
484
02
专业组
(
不限
)
应用心理学
1
576
576
576.0
576
484
物理
03
专业组
(
不限
)
应用心理学
1
552
552
552.0
552
456
04
专业组
(
不限
)
中医学
3
595
581
589.0
581
456
针灸推拿学
2
584
582
583.0
582
456
中医康复学
2
579
579
579.0
579
456
05
专业组
(
不限
)
信息管理与信息系统
2
558
547
552.5
547
456
06
专业组
(
化学
)
中西医临床医学
3
583
569
573.7
569
456
07
专业组
(
化学
)
护理学
5
556
539
546.6
539
456
甘肃省
本科批
历史
001
中医学
1
558
558
558.0
558
405
002
国际经济与贸易
1
500
500
500.0
500
405
物理
003
中医学
3
531
516
523.3
516
367
针灸推拿学
1
515
515
515.0
515
367
中医骨伤科学
1
522
522
522.0
522
367
中医康复学
2
515
512
513.5
512
367
004
信息管理与信息系统
1
464
464
464.0
464
367
国际经济与贸易
1
452
452
452.0
452
367
医疗保险
1
457
457
457.0
457
367
005
运动康复
1
475
475
475.0
475
367
006
中西医临床医学
5
520
508
513.4
508
367
007
医学检验技术
1
482
482
482.0
482
367
医学影像技术
1
494
494
494.0
494
367
健康与医疗保障
1
481
481
481.0
481
367
008
药学
2
479
477
478.0
477
367
中药学
2
477
476
476.5
476
367
药物制剂
1
475
475
475.0
475
367
生物制药
2
498
484
491.0
484
367
中药制药
2
475
475
475.0
475
367
药物经济与管理
1
474
474
474.0
474
367
009
医学信息工程
2
488
486
487.0
486
367
生物医学工程
2
484
481
482.5
481
367
数据科学与大数据技术
2
493
485
489.0
485
367
计算机科学与技术
1
490
490
490.0
490
367
人工智能
3
493
484
487.3
484
367
智能医学工程
1
486
486
486.0
486
367
010
护理学
8
482
469
472.1
469
367
北京市
本科普通批
综合改革
010
不限
中医学
2
574
570
572.0
570
429
020
化学
护理学
1
521
521
521.0
521
429
030
物理＋化学
中西医临床医学
2
557
556
556.5
556
429
上海市
本科普通批
综合改革
001
中医学
1
523
523
523.0
523
403
针灸推拿学
1
537
537
537.0
537
403
广西壮族自治区
本科普通批
历史
112
国际经济与贸易
1
516
516
516.0
516
398
公共事业管理
1
509
509
509.0
509
398
113
汉语国际教育
2
505
460
482.5
460
398
物理
101
中医学
2
529
525
527.0
525
368
中医康复学
3
534
522
530.0
522
368
102
国际经济与贸易
1
445
445
445.0
445
368
公共事业管理
1
460
460
460.0
460
368
104
中西医临床医学
3
524
497
509.7
497
368
105
康复治疗学
2
506
497
501.5
497
368
106
药学
2
491
485
488.0
485
368
药物经济与管理
1
475
475
475.0
475
368
中药学
2
511
505
508.0
505
368
中药制药
2
495
476
485.5
476
368
107
医学信息工程
1
516
516
516.0
516
368
人工智能
2
521
515
518.0
515
368
108
护理学
6
469
454
463.0
454
368
广东省
本科
历史
201
中医学
1
571
571
571.0
571
440
针灸推拿学
1
565
565
565.0
565
440
物理
202
国际经济与贸易
1
520
520
520.0
520
425
203
医疗保险
1
502
502
502.0
502
425
204
中医学
2
566
564
565.0
564
425
针灸推拿学
1
563
563
563.0
563
425
205
人工智能
3
541
538
539.7
538
425
206
数据科学与大数据技术
1
537
537
537.0
537
425
207
中西医临床医学
5
543
519
530.2
519
425
药学
1
515
515
515.0
515
425
药物制剂
1
507
507
507.0
507
425
生物制药
1
508
508
508.0
508
425
中药制药
1
513
513
513.0
513
425
生物医学工程
1
531
531
531.0
531
425
智能医学工程
1
509
509
509.0
509
425
护理学
4
522
507
515.3
507
425
宁夏回族自治区
本科批
B
段
历史
001
专业组
(
不限
)
针灸推拿学
1
527
527
527.0
527
393
物理
001
专业组
(
不限
)
中医学
1
500
500
500.0
500
360
针灸推拿学
1
488
488
488.0
488
360
502
专业组
(
化学
)
计算机科学与技术
1
480
480
480.0
480
360
数据科学与大数据技术
1
479
479
479.0
479
360
503
专业组
(
化学
)
护理学
5
444
386
409.0
386
360
山东省
常规批
综合改革
106
中医学
8
587
583
585.5
583
442
107
针灸推拿学
2
581
581
581.0
581
442
108
中医骨伤科学
1
574
574
574.0
574
442
109
中医康复学
2
577
573
575.0
573
442
110
康复治疗学
1
527
527
527.0
527
442
111
中西医临床医学
7
545
527
531.7
527
442
112
医学检验技术
2
533
529
531.0
529
442
113
药学
3
555
547
551.0
547
442
116
中药学
3
530
528
529.0
528
442
117
制药工程
1
538
538
538.0
538
442
118
药物制剂
2
530
529
529.5
529
442
119
生物制药
2
531
531
531.0
531
442
120
中药制药
1
529
529
529.0
529
442
121
食品质量与安全
1
535
535
535.0
535
442
122
医学信息工程
1
531
531
531.0
531
442
124
生物医学工程
1
535
535
535.0
535
442
125
数据科学与大数据技术
3
539
533
535.3
533
442
126
计算机科学与技术
1
547
547
547.0
547
442
127
人工智能
2
535
534
534.5
534
442
129
智能医学工程
1
537
537
537.0
537
442
130
国际经济与贸易
1
541
541
541.0
541
442
131
公共事业管理
1
545
545
545.0
545
442
132
医疗保险
1
542
542
542.0
542
442
133
养老服务管理
1
563
563
563.0
563
442
134
药物经济与管理
1
495
495
495.0
495
442
135
健康与医疗保障
1
495
495
495.0
495
442
138
护理学
7
531
518
523.4
518
442
139
汉语国际教育
2
543
539
541.0
539
442
141
运动康复
1
555
555
555.0
555
442
江西省
本科
历史
第
101
组
中医学
2
571
564
568.5
564
479
针灸推拿学
1
569
569
570.0
569
479
中医康复学
1
564
564
565.0
564
479
第
102
组
国际经济与贸易
4
545
542
544.0
542
479
公共事业管理
2
546
543
545.5
543
479
医疗保险
1
542
542
543.0
542
479
养老服务管理
2
545
542
544.5
542
479
第
103
组
汉语国际教育
2
547
542
545.5
542
479
应用心理学
1
562
562
563.0
562
479
运动康复
2
552
552
553.0
552
479
物理
第
501
组
中医学
8
542
527
535.7
527
412
针灸推拿学
4
527
520
523.7
520
412
中医骨伤科学
4
544
520
532.2
520
412
中医康复学
4
533
519
524.9
519
412
第
502
组
信息管理与信息系统
3
507
499
504.9
499
412
国际经济与贸易
4
502
490
495.7
490
412
公共事业管理
1
491
491
491.9
491
412
医疗保险
1
491
491
491.9
491
412
养老服务管理
1
492
492
492.9
492
412
第
503
组
应用心理学
2
502
501
502.4
501
412
运动康复
2
503
500
502.4
500
412
第
504
组
中西医临床医学
10
529
517
523.2
517
412
第
505
组
康复治疗学
5
523
506
513.3
506
412
医学检验技术
3
512
508
511.3
508
412
医学影像技术
3
511
511
511.9
511
412
健康与医疗保障
4
506
505
506.4
505
412
第
506
组
药学
8
521
505
511.7
505
412
中药学
8
509
502
505.0
502
412
制药工程
3
510
506
508.6
506
412
药物制剂
6
529
502
508.8
502
412
生物制药
3
509
508
509.6
508
412
中药制药
4
505
500
503.9
500
412
食品质量与安全
2
506
506
506.9
506
412
药物经济与管理
4
504
501
503.2
501
412
第
507
组
医学信息工程
3
519
518
519.3
518
412
生物医学工程
2
523
522
523.4
522
412
数据科学与大数据技术
4
521
520
521.2
520
412
计算机科学与技术
8
533
520
524.2
520
412
人工智能
4
522
519
520.7
519
412
智能医学工程
2
519
518
519.4
518
412
第
508
组
护理学
14
497
472
484.3
472
412
湖南省
本科批
(
普通
)
历史
第
101
组
中医学
1
545
545
545.0
545
446
针灸推拿学
1
554
554
554.0
554
446
第
102
组
国际经济与贸易
1
521
521
521.0
521
446
养老服务管理
1
518
518
518.0
518
446
物理
第
103
组
中医骨伤科学
2
527
524
525.5
524
400
中医学
4
533
530
531.3
530
400
针灸推拿学
1
531
531
531.0
531
400
第
104
组
医疗保险
1
450
450
450.0
450
400
养老服务管理
1
478
478
478.0
478
400
第
105
组
中西医临床医学
4
533
520
523.8
520
400
第
106
组
健康与医疗保障
1
498
498
498.0
498
400
第
107
组
药物经济与管理
1
504
504
504.0
504
400
中药制药
2
520
505
512.5
505
400
制药工程
2
509
507
508.0
507
400
药物制剂
2
503
502
502.5
502
400
药学
1
516
516
516.0
516
400
第
108
组
计算机科学与技术
1
530
530
530.0
530
400
第
109
组
护理学
8
518
496
502.9
496
400
云南省
本科批
历史
101
国际经济与贸易
1
542
542
542.0
542
465
公共事业管理
1
539
539
539.0
539
465
医疗保险
1
540
540
540.0
540
465
102
中医学
2
594
594
594.0
594
465
物理
501
信息管理与信息系统
1
510
510
510.0
510
435
公共事业管理
1
526
526
526.0
526
435
医疗保险
1
526
526
526.0
526
435
502
康复治疗学
1
529
529
529.0
529
435
医学影像技术
2
539
532
535.5
532
435
健康与医疗保障
1
528
528
528.0
528
435
503
药学
2
536
535
535.5
535
435
中药学
2
547
522
534.5
522
435
生物制药
2
529
522
525.5
522
435
食品质量与安全
1
522
522
522.0
522
435
药物经济与管理
1
523
523
523.0
523
435
504
生物医学工程
1
534
534
534.0
534
435
数据科学与大数据技术
2
542
536
539.0
536
435
人工智能
2
535
534
534.5
534
435
智能医学工程
1
532
532
532.0
532
435
505
中医学
4
573
563
567.3
563
435
针灸推拿学
1
568
568
568.0
568
435
中医骨伤科学
1
555
555
555.0
555
435
中医康复学
2
555
554
554.5
554
435
506
中西医临床医学
5
557
540
546.8
540
435
507
护理学
8
535
504
512.9
504
435
浙江省
普通类平行
综合改革
001
中医学
4
628
626
626.8
626
494
002
中医骨伤科学
2
616
615
615.5
615
494
003
药学
1
577
577
577.0
577
494
004
中药学
2
562
561
561.5
561
494
005
数据科学与大数据技术
3
572
569
570.0
569
494
006
国际经济与贸易
2
587
583
585.0
583
494
007
药物经济与管理
1
561
561
561.0
561
494
008
护理学
5
550
547
549.0
547
494
辽宁省
本科批
历史
T06
中医学
2
576
570
573.0
570
442
T07
针灸推拿学
1
571
571
571.0
571
442
T08
中医骨伤科学
1
554
554
554.0
554
442
T30
国际经济与贸易
1
519
519
519.0
519
442
T32
医疗保险
1
521
521
521.0
521
442
T33
养老服务管理
1
522
522
522.0
522
442
T39
汉语国际教育
2
517
511
514.0
511
442
T40
应用心理学
2
541
531
536.0
531
442
T41
运动康复
1
532
532
532.0
532
442
物理
T06
中医学
2
531
528
529.5
528
344
T08
中医骨伤科学
2
509
508
508.5
508
344
T11
中西医临床医学
6
522
503
507.8
503
344
T12
医学检验技术
1
499
499
499.0
499
344
T13
药学
3
530
529
529.7
529
344
T16
中药学
2
523
515
519.0
515
344
T18
药物制剂
2
510
500
505.0
500
344
T22
医学信息工程
1
508
508
508.0
508
344
T23
信息管理与信息系统
1
496
496
496.0
496
344
T27
人工智能
2
513
505
509.0
505
344
T28
医学影像技术
2
503
502
502.5
502
344
T30
国际经济与贸易
1
489
489
489.0
489
344
T32
医疗保险
1
416
416
416.0
416
344
T33
养老服务管理
1
454
454
454.0
454
344
T34
药物经济与管理
1
446
446
446.0
446
344
T35
健康与医疗保障
1
471
471
471.0
471
344
T38
护理学
8
499
475
483.4
475
344
T41
运动康复
1
495
495
495.0
495
344
黑龙江省
普通本科批
物理
第
001
组
(
不限
)
针灸推拿学
2
508
506
507.0
506
340
第
002
组
(
化学
)
中西医临床医学
2
509
507
508.0
507
340
第
003
组
(
化学
)
制药工程
2
460
459
459.5
459
340
第
004
组
(
化学
)
护理学
4
471
449
459.8
449
340
贵州省
本科批次
历史
101
公共事业管理
1
526
526
526.0
526
439
物理
501
中医骨伤科学
2
524
522
523.0
522
393
502
针灸推拿学
2
548
544
546.0
544
393
503
医学影像技术
1
525
525
525.0
525
393
504
中西医临床医学
1
544
544
544.0
544
393
505
智能医学工程
1
519
519
519.0
519
393
506
生物医学工程
1
520
520
520.0
520
393
507
护理学
6
507
487
495.7
487
393
508
计算机科学与技术
2
541
531
536.0
531
393
河北省
本科批
历史
001
国际经济与贸易
1
583
583
583.0
583
485
002
针灸推拿学
1
596
596
596.0
596
485
物理
003
国际经济与贸易
1
535
535
535.0
535
443
004
人工智能
2
568
568
568.0
568
443
005
生物医学工程
1
559
559
559.0
559
443
006
中医学
2
587
586
586.5
586
443
007
针灸推拿学
2
577
567
572.0
567
443
008
中医康复学
2
560
553
556.5
553
443
009
中医骨伤科学
2
558
555
556.5
555
443
010
中西医临床医学
4
563
558
560.0
558
443
011
药学
2
566
566
566.0
566
443
012
药物制剂
3
558
555
556.7
555
443
013
康复治疗学
2
553
547
550.0
547
443
014
护理学
6
544
536
538.2
536
443
015
智能医学工程
1
559
559
559.0
559
443
重庆市
本科批
物理
506
中医学
1
571
571
571.2
571
406
511
中西医临床医学
1
544
544
544.2
544
406
513
药学
1
525
525
525.2
525
406
527
人工智能
1
539
539
539.2
539
406
538
护理学
1
521
521
521.2
521
406
河南省
普通本科批
历史
第
111
组
中医学
3
586
583
584.5
583
459
第
112
组
公共事业管理
1
559
559
559.2
559
459
养老服务管理
1
555
555
555.2
555
459
第
113
组
运动康复
1
555
555
555.2
555
459
汉语国际教育
2
554
551
552.7
551
459
物理
第
101
组
中医学
6
581
571
575.1
571
419
第
102
组
公共事业管理
1
530
530
530.2
530
419
医疗保险
1
522
522
522.2
522
419
信息管理与信息系统
2
531
522
526.7
522
419
第
103
组
运动康复
1
528
528
528.2
528
419
应用心理学
2
529
524
526.7
524
419
第
104
组
中西医临床医学
5
559
548
552.6
548
419
第
105
组
医学检验技术
2
545
542
543.7
542
419
医学影像技术
1
549
549
549.2
549
419
健康与医疗保障
1
547
547
547.2
547
419
第
106
组
制药工程
2
545
545
545.2
545
419
生物制药
1
546
546
546.2
546
419
药学
1
563
563
563.2
563
419
药物制剂
2
549
544
546.7
544
419
中药学
1
547
547
547.2
547
419
第
107
组
人工智能
2
557
555
556.2
555
419
计算机科学与技术
2
556
554
555.2
554
419
数据科学与大数据技术
1
560
560
560.2
560
419
生物医学工程
1
553
553
553.2
553
419
智能医学工程
1
554
554
554.2
554
419
第
108
组
护理学
11
549
522
528.6
522
419
陕西省
本科批次
历史
111
中医学
1
567
567
567.0
567
385
中医康复学
1
551
551
551.0
551
385
112
国际经济与贸易
1
542
542
542.0
542
385
公共事业管理
1
523
523
523.0
523
385
物理
101
中医学
3
547
519
531.3
519
376
中医康复学
1
526
526
526.0
526
376
102
国际经济与贸易
1
481
481
481.0
481
376
医疗保险
1
472
472
472.0
472
376
养老服务管理
1
481
481
481.0
481
376
104
中西医临床医学
6
513
504
507.2
504
376
105
健康与医疗保障
1
477
477
477.0
477
376
106
药学
1
495
495
495.0
495
376
中药学
2
496
495
495.5
495
376
药物制剂
1
491
491
491.0
491
376
药物经济与管理
1
491
491
491.0
491
376
107
数据科学与大数据技术
1
504
504
504.0
504
376
计算机科学与技术
2
507
506
506.5
506
376
人工智能
3
505
504
504.3
504
376
智能医学工程
1
510
510
510.0
510
376
108
护理学
5
485
480
482.4
480
376
福建省
普通类本科批
历史
999(
不限
)
针灸推拿学
1
583
583
583.0
583
458
物理
500(
化学
)
中西医临床医学
2
541
541
541.0
541
446
999(
不限
)
中医学
3
555
547
551.0
547
446
针灸推拿学
2
556
548
552.0
548
446
中医骨伤科学
2
547
544
545.5
544
446
500(
化学
)
医学检验技术
1
530
530
530.0
530
446
健康与医疗保障
1
527
527
527.0
527
446
999(
不限
)
国际经济与贸易
1
533
533
533.0
533
446
500(
化学
)
药学
2
530
529
529.5
529
446
药物制剂
2
526
526
526.0
526
446
中药学
2
536
536
536.0
536
446
500(
化学
)
医学信息工程
1
539
539
539.0
539
446
数据科学与大数据技术
1
541
541
541.0
541
446
500(
化学
)
护理学
4
526
525
525.3
525
446
湖北省
本科普通批
历史
01
组
中医学
1
577
577
577.0
577
443
02
组
国际经济与贸易
1
550
550
550.0
550
443
养老服务管理
1
549
549
549.0
549
443
03
组
汉语国际教育
1
553
553
553.0
553
443
应用心理学
1
556
556
556.0
556
443
物理
04
组
中医学
3
570
559
566.0
559
435
针灸推拿学
2
564
555
559.5
555
435
中医骨伤科学
2
555
552
553.5
552
435
中医康复学
2
553
552
552.5
552
435
05
组
信息管理与信息系统
1
554
554
554.0
554
435
公共事业管理
1
546
546
546.0
546
435
医疗保险
1
522
522
522.0
522
435
养老服务管理
1
512
512
512.0
512
435
06
组
应用心理学
1
545
545
545.0
545
435
运动康复
1
538
538
538.0
538
435
07
组
中西医临床医学
4
551
544
547.3
544
435
08
组
医学检验技术
1
546
546
546.0
546
435
医学影像技术
1
541
541
541.0
541
435
健康与医疗保障
1
539
539
539.0
539
435
09
组
药学
2
556
542
549.0
542
435
中药学
3
539
539
539.0
539
435
制药工程
1
540
540
540.0
540
435
药物制剂
1
540
540
540.0
540
435
生物制药
1
540
540
540.0
540
435
药物经济与管理
1
539
539
539.0
539
435
10
组
医学信息工程
1
546
546
546.0
546
435
生物医学工程
1
557
557
557.0
557
435
数据科学与大数据技术
2
548
543
545.5
543
435
计算机科学与技术
4
545
541
542.3
541
435
人工智能
2
542
542
542.0
542
435
智能医学工程
1
549
549
549.0
549
435
11
组
护理学
8
538
529
533.1
529
435
四川省
本科批次
B
段
历史
101
中医学
2
585
585
585.2
585
455
102
养老服务管理
1
574
574
574.2
574
455
物理
501
中医学
2
560
556
558.2
556
435
针灸推拿学
2
565
563
564.2
563
435
504
中西医临床医学
1
541
541
541.2
541
435
506
药学
2
537
534
535.7
534
435
食品质量与安全
2
535
534
534.7
534
435
507
医学信息工程
1
546
546
546.2
546
435
数据科学与大数据技术
1
543
543
543.2
543
435
508
护理学
6
524
513
517.4
513
435
注：公布分数为考生总分，录取以考生投档成绩（
+
同分排位）排序为准，平均分以投档成绩计算。
上一条：
关于安徽中医药大学2026年安徽省农村订单定向医学生免费教育协议签订及录取通知书寄送工作的通知
下一条：
【录取快报】安徽中医药大学2026年安徽省农村订单定向医学生免费培养计划录取分数线
安徽中医药大学招生办 电话：0551-68129059 邮编：230012