安徽中医药大学2025年分省分专业录取分数线-本科招生网
今天是：
学校主页
招生首页
学校概况
学校介绍
学校标识
人才培养
硕博介绍
通知公告
招生指南
招生章程
招生计划
录取分数线
招生政策法规
志愿填报指南
综合查询
本科录取查询
专升本信息
在线咨询答疑
招生联系电话
院系纵览
学院介绍
专业介绍
附属医院
印象安中
地理位置
校园体验
生活指南
奖助学金
就业创业
在线视频
录取分数线
当前位置:
招生首页
>>
招生指南
>>
录取分数线
>>
                正文
安徽中医药大学2025年分省分专业录取分数线
发布日期：2025-07-16    作者：     来源：     点击：
安徽中医药大学
2025
年分省分专业录取分数线
省份
批次
科类
专业组
专业
录取人数
最高分
最低分
平均分
首轮投档线
省控线
安徽省
普通本科提前批
历史
001专业组（不限）
中医学（免费医学定向）
28
597
563
576.0
569
（
8820
）
477
物理
001专业组（不限）
中医学（免费医学定向）
112
595
543
565.5
558
（
61329
）
461
安徽省
国家专项计划
历史
002专业组（不限）
中医学
6
578
570
576.3
570
（
8523
）
477
物理
002专业组（不限）
中医学
24
576
554
562.6
554
（
66077
）
461
003专业组（化学）
护理学
30
539
521
528.4
521
（
104422
）
安徽省
地方专项计划
历史
003专业组（不限）
中医学
12
570
561
565.4
561
（
10771
）
477
物理
004专业组（不限）
中医学
48
573
549
556.6
549
（
71105
）
461
005专业组（化学）
护理学
60
546
521
529.4
521
（
104093
）
安徽省
普通本科批
历史
004专业组（不限）
中医学
60
601
564
574.2
564
477
针灸推拿学
28
594
561
568.7
561
中医骨伤科学
10
573
560
563.5
560
中医康复学
23
564
559
561.8
559
005专业组（不限）
国际经济与贸易
102
554
529
533.3
529
公共事业管理
36
550
530
535.8
530
医疗保险
53
547
529
535.3
529
养老服务管理
31
552
535
540.6
535
应用心理学
25
555
540
546.5
540
汉语国际教育
48
547
531
536.9
531
运动康复
26
555
540
546.2
540
006专业组（化学）
护理学
1
525
525
526.0
525
物理
006专业组（不限）
中医学（5+3一体化）
60
608
591
597.4
591
461
007专业组（不限）
中医学
263
587
549
560.6
549
针灸推拿学
119
590
545
550.7
545
中医骨伤科学
89
575
541
544.6
541
中医康复学
77
549
540
543.9
540
008专业组（不限）
信息管理与信息系统
51
540
526
531.7
526
国际经济与贸易
44
534
523
527.0
523
公共事业管理
14
535
525
528.3
525
医疗保险
43
529
523
525.4
523
养老服务管理
17
534
524
528.1
524
应用心理学
25
543
527
532.2
527
汉语国际教育
2
539
537
538.9
537
运动康复
25
539
525
529.9
525
009专业组（化学）
康复治疗学
49
540
526
531.5
526
中西医临床医学
360
605
528
535.9
528
医学检验技术
51
547
530
534.1
530
药学
154
547
526
532.1
526
中药学
153
549
524
530.2
524
制药工程
51
569
525
530.2
525
药物制剂
101
551
524
527.4
524
生物制药
50
549
526
531.1
526
中药制药
50
538
524
529.8
524
食品质量与安全
25
534
528
530.8
528
计算机科学与技术
100
567
534
540.1
534
生物医学工程
103
543
525
529.5
525
医学信息工程
50
556
528
532.2
528
数据科学与大数据技术
102
556
530
534.2
530
人工智能
103
546
532
536.1
532
医学影像技术
51
547
531
535.8
531
护理学
203
533
522
526.6
524
江苏省
本科批次
历史
01专业组（不限）
应用心理学
1
579
579
579.0
579
482
02专业组（不限）
中医学
1
599
599
599.0
599
物理
03专业组（不限）
中医学
3
588
588
588.0
588
463
针灸推拿学
2
587
586
586.5
586
中医康复学
2
586
586
586.0
586
04专业组（不限）
信息管理与信息系统
2
563
562
562.5
562
应用心理学
1
566
566
566.0
566
05专业组（化学）
中西医临床医学
3
582
570
574.0
570
护理学
5
565
562
563.2
562
北京市
本科普通批
综合改革
010 不限
中医学
2
593
586
589.5
586
430
020 化学
护理学
1
522
522
522.0
522
030 物理＋化学
中西医临床医学
2
576
559
567.5
559
陕西省
本科批次
历史
101
中医学
2
589
567
578.0
567
414
物理
101
中医学
2
543
538
540.5
538
394
103
中西医临床医学
3
504
500
502.0
500
103
中药学
2
498
492
495.0
492
103
计算机科学与技术
2
497
491
494.0
491
103
护理学
4
491
489
490.3
490
广东省
本科
历史
207
针灸推拿学
1
583
583
583.0
583
464
物理
208
国际经济与贸易
1
518
518
518.0
518
436
209
医疗保险
1
525
525
525.0
525
210
中医学
2
571
567
569.0
567
针灸推拿学
1
564
564
564.0
564
211
人工智能
2
536
530
533.0
530
212
中西医临床医学
3
536
528
532.3
528
生物医学工程
2
533
527
530.0
527
护理学
4
529
523
525.5
523
云南省
本科批B段
历史
101
中医学
2
592
592
592.0
592
465
102
国际经济与贸易
1
532
532
532.0
532
公共事业管理
1
532
532
532.0
532
医疗保险
1
541
541
541.0
541
物理
501
中医学
4
580
554
561.8
554
430
针灸推拿学
1
555
555
555.0
555
中医骨伤科学
1
554
554
554.0
554
中医康复学
2
550
550
550.0
550
502
信息管理与信息系统
1
519
519
519.0
519
国际经济与贸易
1
522
522
522.0
522
公共事业管理
1
515
515
515.0
515
医疗保险
2
534
515
524.5
515
503
康复治疗学
1
524
524
524.0
524
中西医临床医学
5
531
523
525.6
523
药学
2
519
517
518.0
517
中药学
2
519
519
519.0
519
生物制药
2
515
514
514.5
514
食品质量与安全
1
524
524
524.0
524
生物医学工程
2
521
516
518.5
516
数据科学与大数据技术
2
523
517
520.0
517
医学影像技术
2
529
522
525.5
522
人工智能
2
514
514
514.0
514
护理学
8
521
513
517.4
513
广西壮族自治区
本科普通批
历史
102
国际经济与贸易
3
518
514
515.3
514
402
汉语国际教育
2
521
518
519.5
518
物理
101
中医学
2
540
535
537.5
535
370
中医康复学
3
523
521
522.0
521
公共事业管理
2
517
491
504.0
517
103
医学信息工程
1
517
517
517.0
517
人工智能
2
495
490
492.5
490
中西医临床医学
3
548
514
535.0
514
药学
2
526
502
514.0
502
中药学
2
494
490
492.0
490
中药制药
2
485
470
477.5
470
康复治疗学
2
484
468
476.0
468
护理学
6
495
463
479.3
463
上海市
本科普通批
综合改革
001
中医学
1
533
533
533.0
533
402
针灸推拿学
1
537
537
537.0
537
山东省
常规批
综合改革
106
中医学
8
588
582
583.4
582
441
108
针灸推拿学
2
581
581
581.0
581
110
康复治疗学
1
521
521
521.0
521
111
中医康复学
2
573
564
568.5
564
112
中西医临床医学
6
540
531
534.0
531
113
医学检验技术
2
538
529
533.5
529
115
中药学
3
536
527
531.3
527
117
药物制剂
2
537
527
532.0
527
118
生物制药
2
538
526
532.0
526
119
中药制药
1
522
522
522.0
522
121
医学信息工程
1
522
522
522.0
522
123
生物医学工程
2
527
524
525.5
524
124
数据科学与大数据技术
3
526
525
525.3
525
127
人工智能
2
530
526
528.0
526
131
医疗保险
2
530
529
529.5
529
132
养老服务管理
1
550
550
550.0
550
135
护理学
6
532
521
525.8
521
136
汉语国际教育
2
536
535
535.5
535
辽宁省
本科批
历史
T06
中医学
2
579
577
578.0
577
437
T09
中医骨伤科学
2
556
555
555.5
555
T28
国际经济与贸易
2
511
507
509.0
507
T31
医疗保险
2
530
518
524.0
518
T32
养老服务管理
2
523
521
522.0
521
T36
汉语国际教育
2
527
521
524.0
521
T37
应用心理学
2
553
540
546.5
540
T38
运动康复
1
557
557
557.0
557
物理
T06
中医学
2
548
540
544.0
540
367
T09
中医骨伤科学
2
527
525
526.0
525
T12
中西医临床医学
2
526
526
526.0
526
T14
药学
2
545
542
543.5
542
T15
中药学
2
535
532
533.5
532
T17
药物制剂
2
524
514
519.0
514
T26
医学影像技术
2
517
515
516.0
515
T28
国际经济与贸易
1
488
488
488.0
488
T31
医疗保险
1
536
536
536.0
536
T35
护理学
8
525
504
510.5
504
T38
运动康复
1
520
520
520.0
520
宁夏回族自治区
本科批
B
段
历史
001
专业组（不限）
针灸推拿学
1
539
539
539.0
539
404
物理
001
专业组（不限）
针灸推拿学
1
513
513
513.0
513
372
中医学
1
533
533
533.0
533
502
专业组（化学）
护理学
5
476
453
459.8
453
数据科学与大数据技术
1
471
471
471.0
471
计算机科学与技术
1
475
475
475.0
475
湖南省
本科批（普通）
历史
第101组
中医学
1
565
565
565.0
565
446
针灸推拿学
1
558
558
558.0
558
第102组
国际经济与贸易
3
521
519
520.0
519
养老服务管理
2
537
522
529.5
522
物理
第103组
医疗保险
2
529
529
529.0
529
405
中医骨伤科学
2
531
530
530.5
530
中医学
4
557
536
543.0
536
针灸推拿学
1
534
534
534.0
534
第105组
中药制药
2
504
494
499.0
494
制药工程
2
495
494
494.5
494
药物制剂
2
498
495
496.5
495
护理学
8
514
493
499.3
493
中西医临床医学
4
521
509
515.3
509
药学
1
502
502
502.0
502
甘肃省
普通本科批
历史
001
中医学
1
547
547
547.0
547
412
002
国际经济与贸易
2
491
473
482.0
473
物理
003
中医康复学
2
518
516
517.0
516
374
针灸推拿学
2
528
524
526.0
524
中医学
2
531
529
530.0
529
004
信息管理与信息系统
1
463
463
463.0
463
国际经济与贸易
1
462
462
462.0
462
运动康复
1
465
465
465.0
465
医疗保险
2
464
455
459.5
455
005
中西医临床医学
4
527
505
513.5
505
药学
2
483
466
474.5
466
中药学
2
499
429
464.0
429
生物制药
2
492
491
491.5
491
中药制药
2
445
428
436.5
428
计算机科学与技术
1
489
489
489.0
489
数据科学与大数据技术
1
494
494
494.0
494
生物医学工程
1
496
496
496.0
496
人工智能
1
497
497
497.0
497
医学信息工程
2
492
480
486.0
480
护理学
8
483
448
467.1
448
浙江省
普通类平行
综合改革
001
中医学
4
630
626
628.5
626
490
002
中医骨伤科学
2
620
613
616.5
613
003
药学
1
575
575
575.0
575
004
中药学
2
569
562
565.5
562
005
数据科学与大数据技术
3
564
563
563.7
563
006
国际经济与贸易
3
584
581
582.7
581
007
护理学
5
569
548
555.4
548
贵州省
本科
历史
101
国际经济与贸易
1
532
532
532.0
532
458
102
公共事业管理
1
540
540
540.0
540
物理
501
针灸推拿学
2
536
526
531.0
526
387
502
中医骨伤科学
2
527
516
521.5
516
503
生物医学工程
2
507
504
505.5
504
504
计算机科学与技术
2
518
509
513.5
509
505
医学影像技术
1
514
514
514.0
514
506
护理学
6
501
489
493.8
489
河北省
本科批
历史
001
针灸推拿学
1
590
590
590.0
590
477
物理
002
国际经济与贸易
2
550
541
545.5
541
459
003
人工智能
2
579
562
570.5
562
004
生物医学工程
2
563
562
562.5
562
005
中医学
2
589
588
588.5
588
006
针灸推拿学
2
574
573
573.5
573
007
中医康复学
2
556
556
556.0
556
008
中医骨伤科学
2
559
557
558.0
557
009
中西医临床医学
4
573
571
571.8
571
010
药学
2
568
566
567.0
566
011
药物制剂
3
561
557
558.3
557
012
康复治疗学
2
555
551
553.0
551
013
护理学
6
546
542
543.7
542
河南省
普通本科批
历史
第101组
中医学
3
589
586
587.5
586
471
第102组
运动康复
1
561
561
561.2
561
汉语国际教育
2
563
560
561.7
560
公共事业管理
1
559
559
559.2
559
养老服务管理
1
560
560
560.2
560
物理
第101组
中医学
6
593
587
589.9
587
427
第102组
运动康复
1
559
559
559.2
559
应用心理学
2
551
537
544.2
537
公共事业管理
1
537
537
537.2
537
医疗保险
2
534
533
533.7
533
信息管理与信息系统
2
546
539
542.7
539
第103组
计算机科学与技术
2
564
563
563.7
563
数据科学与大数据技术
1
559
559
559.2
559
制药工程
2
558
558
558.2
558
生物医学工程
2
561
560
560.7
560
生物制药
1
558
558
558.2
558
中西医临床医学
3
571
561
566.9
561
药物制剂
3
558
555
557.2
555
医学检验技术
2
558
557
557.7
557
医学影像技术
1
562
562
562.2
562
护理学
11
561
549
555.1
553
江西省
本科
历史
第101组（中医学类组）
中医学
2
574
572
574.0
572
486
针灸推拿学
1
569
569
570.0
569
中医康复学
1
568
568
569.0
568
第102组
国际经济与贸易
6
545
542
544.8
542
公共事业管理
1
544
544
545.0
544
医疗保险
4
543
542
543.7
542
养老服务管理
1
564
564
565.0
564
汉语国际教育
2
546
545
546.5
545
应用心理学
1
547
547
548.0
547
运动康复
2
547
544
546.5
544
物理
第501组（中医学类组）
中医学
8
549
532
539.8
532
429
针灸推拿学
4
530
527
528.9
527
中医骨伤科学
4
531
527
530.4
527
中医康复学
4
531
525
528.2
525
第502组
信息管理与信息系统
3
506
503
505.9
503
国际经济与贸易
6
508
487
499.7
487
公共事业管理
2
501
501
501.9
501
医疗保险
4
511
486
496.9
486
养老服务管理
2
515
500
508.4
500
应用心理学
2
517
511
514.9
511
运动康复
2
511
506
509.4
506
第503组
康复治疗学
5
526
504
511.5
504
中西医临床医学
10
527
510
518.1
510
医学检验技术
3
510
506
508.3
506
药学
8
521
505
511.4
505
中药学
8
513
503
508.3
503
制药工程
3
504
504
504.9
504
药物制剂
5
508
502
505.1
502
生物制药
3
512
503
509.6
503
中药制药
3
507
502
505.6
502
食品质量与安全
2
504
503
504.4
503
医学信息工程
3
508
506
507.9
506
生物医学工程
4
510
505
508.2
505
数据科学与大数据技术
4
513
509
511.7
509
计算机科学与技术
8
518
513
516.2
513
医学影像技术
3
520
511
514.9
511
人工智能
4
512
509
511.2
509
护理学
14
511
502
505.5
502
黑龙江省
普通本科批
物理
第001组（不限）
针灸推拿学
2
528
515
521.5
515
360
第002组（化学）
制药工程
2
468
466
467.0
466
中西医临床医学
2
472
471
471.5
471
护理学
4
478
458
466.3
458
福建省
普通类本科批
历史
999 不限选考科目
针灸推拿学
1
577
577
577.0
577
450
物理
500 选考化学
医学信息工程
1
523
523
523.0
523
441
数据科学与大数据技术
1
533
533
533.0
533
中西医临床医学
2
523
523
523.0
523
药学
2
533
528
530.5
528
药物制剂
2
522
521
521.5
521
中药学
2
533
523
528.0
523
医学检验技术
1
521
521
521.0
521
护理学
4
540
520
526.5
520
999 不限选考科目
国际经济与贸易
1
518
518
518.0
518
中医学
3
534
524
528.7
524
针灸推拿学
2
533
530
531.5
530
中医骨伤科学
2
522
522
522.0
522
医疗保险
1
496
496
496.0
-
湖北省
本科普通批
历史
011 01组
养老服务管理
2
559
550
554.5
550
442
应用心理学
1
546
546
546.0
546
物理
011 02组
中医学
3
559
543
548.3
543
426
针灸推拿学
2
542
541
541.5
541
中医骨伤科学
2
541
541
541.0
541
中医康复学
2
540
539
539.5
539
012 03组
中西医临床医学
3
526
519
523.0
519
医学检验技术
1
523
523
523.0
523
药学
2
519
518
518.5
518
中药学
2
522
519
520.5
519
医学信息工程
1
518
518
518.0
518
数据科学与大数据技术
1
529
529
529.0
529
计算机科学与技术
4
525
520
521.8
520
人工智能
2
523
520
521.5
520
护理学
7
519
517
518.1
517
四川省
本科批
历史
101
中医学
2
594
590
592.2
590
467
102
养老服务管理
1
588
588
588.2
588
物理
101
中医学
2
578
563
570.7
563
438
针灸推拿学
2
560
558
559.2
558
102
中西医临床医学
1
541
541
541.2
541
药学
2
539
532
535.7
532
食品质量与安全
2
533
528
530.7
528
医学信息工程
1
537
537
537.2
537
数据科学与大数据技术
1
537
537
537.2
537
护理学
6
537
528
532.4
528
注：公布分数为考生总分，录取以考生投档成绩（+同分排位）排序为准，平均分以投档成绩计算。
下一条：
安徽中医药大学2024年分省分专业录取分数线
安徽中医药大学招生办 电话：0551-68129059 邮编：230012